spammer <- c(955, 1001, 859, 963, 881, 877)
