# these score > 13 on ties.spam.score
spammer <- c(955, 1001,  860,  859,  981,  959,  963,  881,  974)
