# -9 or worse on spam score
spammer <- c(503L, 510L, 516L, 534L, 544L, 576L, 642L, 658L,
             663L, 673L,  676L, 684L, 713L)
